654 327
27359 21016
7067 14134
5322 17015
8035 22584
1385 14793
8812 27228
28593 24627
1371 2373
23824 22025
5445 906
82 26420
380 20990
1256 3543
25512 20349
8918 2098
3609 7653
2684 1478
5211 23650
26024 12217
16907 4847
15465 4221
5868 489
16343 7853
1840 28166
2577 28471
21283 28599
1143 21184
24807 12170
18442 25156
21912 11779
25664 16125
17046 6091
26076 2439
20512 5625
11310 21569
245 29585
2183 5366
14166 15434
15327 22973
4736 14485
2491 17693
7705 27354
11817 5493
537 29189
26733 15259
17419 17
20673 17604
6499 2003
4953 7076
13330 23883
14021 25814
15704 5415
27472 3434
29401 18296
23347 19244
6644 12536
900 8195
15696 16252
21360 3611
26807 11895
15403 5925
22312 19648
4546 15693
18215 20373
8713 3685
26968 22239
14293 27199
7500 1719
24172 2138
28827 23082
1034 193
5171 4921
966 23601
15343 27684
3556 28538
7276 28137
18475 1575
1512 4103
13481 8289
1163 1415
20438 18449
23835 23357
17863 16709
8106 19276
1956 6613
16067 27112
21852 23622
1718 3936
3991 27118
26911 9051
26093 16473
10461 11617
13653 11756
24578 20126
10976 14792
3639 2275
2423 17138
16514 446
23297 6832
21018 23019
17402 7734
12154 8251
4865 4993
20404 18803
23265 19844
22536 19368
18419 23426
7605 24042
20625 18363
1247 19470
18893 10570
9426 14257
13411 3406
2230 27257
21997 1560
17987 7582
29270 6340
22759 23209
14737 12348
4678 22908
15755 7993
24529 2659
1118 28603
3738 25737
2759 8411
358 2734
19162 25263
3332 25591
6900 18798
28382 10854
962 15316
4558 60
5536 8392
5427 10940
13428 4157
19011 19330
13181 2902
7075 3492
20374 2717
4917 6728
943 6805
29233 5526
19310 11710
3959 21439
65 11674
28707 24382
27255 2334
20066 13406
21696 24970
645 22012
21267 25933
596 8078
23711 21026
27301 820
16899 25216
18221 19502
21441 10801
3221 27839
19696 9792
928 16656
22066 1049
19885 25992
13542 25580
6568 8570
1391 6738
774 22000
18644 13619
18721 18855
1961 18407
28672 298
22541 17051
18986 15171
806 22775
21692 6368
13514 15358
6586 23027
12975 11061
3235 19916
18086 8455
5448 666
243 7784
15581 22560
11552 22969
12625 12757
1763 21739
4827 29199
29213 7912
16342 7312
26500 17454
4814 24961
19555 12989
18139 16494
20384 5428
253 23699
29215 26935
26345 26198
23093 21779
6708 15892
1584 165
20876 13344
26165 72
2351 2569
21657 18989
20438 6428
17972 7456
21234 16938
16675 8776
22747 2700
2797 18527
6005 2659
28089 14659
14387 4132
23998 14749
18736 7509
4858 11200
17532 8337
27431 14804
8627 4306
10219 27443
9685 19952
23887 10515
25937 27236
9330 310
11363 16978
26239 24318
16800 967
21468 25077
14032 3135
23460 23372
15355 16234
14168 12498
10439 15151
24273 17991
12289 3314
841 1938
29049 19474
6587 16720
24083 15798
27576 28382
8731 26058
2108 1881
2521 10564
8944 2067
5221 26028
21201 23913
10429 8667
4064 8128
8469 15363
14619 21275
8302 14575
13997 19874
26218 6284
3170 21279
5471 21417
28765 8057
7850 26363
14861 951
18758 3940
15709 9318
1693 7028
26155 523
2570 257
10236 17402
21519 20243
5614 11414
11812 851
14062 154
15441 11366
27178 24519
10077 660
28617 28671
2745 11245
27098 10850
7439 2430
27019 950
18205 8352
23708 29708
7364 8691
28435 8608
27740 5225
13616 13058
22603 3749
12707 3187
11990 29862
3069 1890
29751 10639
2917 7224
21231 3753
10636 26016
26205 29610
20963 18123
5008 23608
8459 13090
25690 16041
14476 814
6309 8205
1435 23205
25098 12654
17206 15349
2160 21078
28354 21190
8210 7314
18583 13291
26613 23862
12041 13242
19032 7905
1227 25196
11676 10562
16991 10183
9862 6619
15313 16890
2962 1237
28325 11208
21130 261
27662 11752
27736 6781
13153 8108
4889 14422
4296 6882
15986 22940
21563 9976
12839 25818
29868 8035
23273 22216
29570 22848
28016 13586
5193 19516
1690 7771
15528 17074
29939 7042
4243 21780
17061 5668
7873 13452
1089 6242
12641 2275
20239 14820
5897 26017
19187 24093
703 6774
25888 10193
2907 25304
1857 17877
16732 14574
9206 2023
13499 20397
22636 5086
1021 785
19504 594
6604 382
17221 3134
23496 2487
5748 10261
6490 10751
1507 22323
18682 17518
6633 21350
1234 29654
1569 13741
9842 2214
17085 1295
19141 5887
20509 1487
21060 12854
22689 4111
12649 24409
9403 6003
9575 2038
5448 16951
8472 16984
6176 20643
1591 25106
19179 1166
2463 20353
16439 8737
2803 25790
6856 28125
5808 28913
29487 19423
11328 29116
15263 25699
5760 1703
5627 29064
1957 5879
20531 6739
6186 4341
1441 2501
12812 3116
19919 23121
15418 19747
20396 23737
6727 2924
29375 9208
21603 18891
7370 29846
1625 1131
19666 6231
7674 28014
21294 1541
24553 24308
20447 13935
3192 3102
27423 19122
13027 12162
1804 26551
9211 22530
4775 27389
25559 25512
5448 23705
25542 8661
27669 17019
6279 24731
26595 14578
16573 26983
23676 29811
28573 12515
8433 4246
12266 15898
27186 20577
21283 3294
13275 13257
16635 28518
11089 1654
23305 13116
20750 19399
18625 3415
17465 11286
16291 4483
27770 18237
7090 14602
220 4184
23592 15501
21524 5837
22632 17715
15665 24714
16692 14598
22100 14734
16928 9881
2722 7339
22342 5102
903 6538
11068 13464
19550 23535
4419 19229
15934 14398
28609 14750
10247 24895
12018 1466
2238 11038
2730 21423
27972 2694
3966 7362
18766 26638
1315 9442
14929 20260
5111 29576
25324 25066
22303 21473
28586 12431
4561 8239
17624 29951
8659 23661
16020 8877
21859 25649
14119 9104
17448 12247
18325 26219
13417 29916
322 8786
24701 9608
18678 29546
12418 5072
27220 13552
15442 15226
23880 15485
6534 594
27631 23176
15054 9917
18908 17452
8419 956
7272 18987
26426 13299
23881 308
2653 21018
19303 16225
3972 676
24043 4868
12369 2703
28056 5795
28349 20395
2142 17985
9555 3038
9004 14815
26524 12759
7687 26947
18138 25633
20057 23800
20216 20043
907 28822
20418 6470
14805 2628
18002 2526
28501 27514
1434 16780
20319 2524
9801 2236
10261 18532
13591 27659
24119 22542
1011 11011
21308 27003
24752 22825
29089 3582
1355 294
21377 2331
9984 806
14182 16897
26573 12926
14175 28245
23383 353
290 23089
16092 29428
14228 29037
28009 1440
5303 28189
25677 21384
17827 20570
27597 2716
12008 838
14361 25294
10835 21322
5759 7299
15808 6562
1455 7531
13358 16668
351 15204
19737 2076
14431 11932
212 9188
18096 28406
16981 10514
16896 176
5477 23914
18841 29762
13016 22230
14668 7561
10538 2987
2215 17956
19083 14382
10863 24351
10221 15703
74 158
16987 23765
14011 28668
26252 289
7507 21318
26296 10743
20262 7105
9898 1075
16253 26083
11799 5816
2458 28576
13614 8903
19425 13523
24432 14510
17764 10976
6338 28815
20351 24471
18624 8290
470 2604
20565 13117
12732 1669
1416 1491
27814 8708
8601 27708
431 838
21837 17652
8829 11099
598 15653
4755 29014
534 10793
16040 18423
20693 7242
19048 1671
22258 3789
1434 14596
16006 22832
10322 15230
9839 17839
8040 9409
29275 28941
2040 17460
24867 22416
25163 14081
23899 13134
29479 22646
15399 4007
11554 4524
24143 13843
12396 19558
26518 22558
20974 3387
72 6832
2429 968
21779 26258
4180 18752
18711 8750
17345 29813
3648 14486
8222 3292
6100 4552
26627 6907
6984 24625
19386 534
4952 26479
9459 26363
1063 8283
6841 75
10435 24135
16805 6586
8476 22916
3154 18632
6646 17192
8208 13265
7502 17933
25053 15154
7194 6429
20369 15789
12579 1741
1064 1759
1559 3560
12133 24591
3802 2654
14309 10874
3870 15996
8498 19597
7731 910
1098 28834
7456 19329
19327 224
21234 20990
20848 25676
9044 15828
27703 6484
4960 25222
14564 14157
4277 15109
15147 5482
11978 446
9561 14353
20098 2519
23692 5177
25600 15798
3364 8727
20156 26308
25461 761
678 8816
15550 15986
10923 10358
25695 23223
23463 18017
12614 21577
20826 13390
6059 14548
25549 9972
765 26967
17942 17121
3100 18310
3626 21766
24520 21101
28403 29814
26970 293
22690 29035
5553 5099
29511 13706
17008 671
10142 1080
11623 4683
10796 29516
798 20501
15499 25399
5305 4758
6403 8225
11336 4412
15450 2694
22814 2796
492 2081
17045 16364
17918 27896
29232 17153
591 104
29906 26068
6384 13986
7213 17562
16726 9606
29820 13556
19374 7823
17013 7188
11888 3104
7545 28706
4663 4925
1247 26846
20432 26956
14480 9094
5264 14109
3108 15866
8427 11561
19948 11550
21827 11543
4225 21120
254 11397
1950 5435
10203 13572
6169 539
12678 9572
9240 14081
14186 6195
26497 7561
25798 4992
898 14571
7427 26084
16755 2847
23621 21700
1064 21829
1600 2720
16716 14147
5965 7631
4378 29360
27580 367
17805 21745
4460 15991
26763 3233
22426 13936
27229 28215
4343 13892
5219 27618
15357 853
5126 17592
1410 6385
12781 12048
22926 17876
2420 556
314 17134
21594 8988
13817 10087
7865 14558
331 24033
524 27594
8816 2509
28556 13358
26762 13600
267 1797
21030 3447
10693 6413
12749 23096
21924 24392
213 2603
26595 22147
21629 6506
916 20550
10554 2613
7046 26156
795 15912
16529 9028
19347 433
2037 23734
17320 10140
6162 2170
17448 290
19608 19045
14924 11554
20915 24245
12735 19422
2639 27536
11184 21193
2498 712
27686 10911
22490 10529
12691 19926
6388 21974
2733 5924
26751 26905
15993 22849
5857 22538
1400 9198
27240 12042
15399 23094
27779 1263
9714 2244
5938 3226
14889 21653
395 27640
10597 18719
5023 25095
11340 12146
14540 1306
7011 19663
27156 28317
14628 18838
7902 18204
25169 28756
5403 12610
6279 24060
20604 21070
6934 1909
6626 6379
528 14421
4887 21007
4000 28397
12987 1316
11165 14725
15489 23398
15711 952
2459 5772
22482 11300
13682 23210
27592 10635
667 20310
29844 26877
3078 23562
21204 17258
5753 969
18830 19346
5693 9221
20863 9231
15640 6849
13999 358
9339 6131
13385 28794
26619 7724
682 26737
17413 330
3000 4507
3278 7054
14709 24512
4490 24602
4820 218
16350 21629
6859 4051
7063 12194
9641 25743
24220 16165
6314 9517
21793 8888
18376 1882
18974 22214
26069 6663
6144 21078
15047 24205
12702 15409
5203 23246
14190 1559
9405 717
27897 9807
17390 15008
8844 5806
18119 8308
26417 8858
24757 14291
5853 17023
17285 23074
6379 9633
29050 4206
25289 1236
109 14952
4850 27529
293 9901
14364 7769
22071 75
6322 10374
22303 13697
3716 20208
29568 15303
19134 2406
25080 21774
5654 4622
504 14921
24906 1031
22978 20268
14794 19788
15587 17204
385 684
5284 17383
12794 3608
956 9309
25073 7788
10888 7679
9959 8753
28285 3727
8490 19410
13212 22377
25397 46
13912 16904
21539 2574
5845 3531
5738 2760
5441 2809
18117 17267
26727 26372
10098 25419
25217 3594
2974 24391
22606 17825
5918 11833
2357 25812
9823 22054
12489 19817
29344 20391
22717 2662
18014 14479
25818 14291
22032 6606
1886 6080
4373 17558
11975 858
2491 2748
27809 20571
1905 22112
16028 12784
28303 25808
28129 2415
14916 10410
886 1128
7360 5953
14848 8299
12516 25922
17401 27850
14886 360
8163 25488
1929 1420
26860 5379
717 17713
29938 29270
16354 767
2664 7283
8355 3006
2969 4087
24769 22438
28252 21117
7677 16836
14793 1311
12443 20127
812 58
26643 17948
28535 23666
9 9375
23549 3318
24959 10099
23836 28421
1098 828
362 29362
1218 15562
10804 16612
16830 2913
14610 672
5824 3575
15295 11659
1644 20974
2600 1146
26943 3107
2755 25709
29821 21525
4386 25836
11627 6730
2760 13680
7359 24046
28219 22069
22101 26046
8283 11630
10531 36
17393 26762
2927 3747
10123 694
5951 24694
17800 5283
11026 8308
2671 20873
717 23095
21893 21868
23800 23165
26526 10398
42 28366
13363 7301
13506 18528
18613 26014
1752 1591
15905 5826
25716 10896
26837 25000
27645 2640
15010 16556
2500 11993
2850 28110
27874 4429
14923 19198
19086 934
24901 8087
18804 1317
1401 16812
9075 1353
